174,6
174,5
476,4
476,3
476,2
476,1
476,0
469,7
469,6
469,5
469,4
469,3
469,2
469,1
469,0
457,5
457,4
457,3
457,2
457,1
457,0
455,8
455,6
455,5
455,4
455,3
455,2
455,1
455,0
454,4
454,3
454,2
454,1
454,0
449,3
449,2
449,1
449,0
448,5
448,4
448,3
448,2
448,1
448,0
438,5
438,4
438,3
438,2
438,1
438,0
434,4
434,3
434,2
434,1
434,0
381,5
381,4
381,3
381,2
381,1
381,0
380,5
380,4
380,3
380,2
380,1
380,0
370,3
370,2
370,1
370,0
369,3
369,2
369,1
369,0
186,6
186,5
186,4
186,3
186,2
185,8
185,7
185,6
185,5
185,4
185,3
184,7
184,6
184,5
184,4
184,3
183,6
183,5
183,4
183,3
182,8
182,7
182,6
182,5
182,4
182,3
181,7
181,6
181,5
181,4
181,3
181,2
180,15
180,14
180,13
180,12
180,7
180,6
180,5
180,4
180,3
180,2
179,5
179,4
179,3
179,2
178,8
178,7
178,6
178,5
178,4
178,3
178,2
177,11
177,10
177,9
177,5
177,3
174,4
174,3
174,2
174,1
174,0
164,4
164,3
163,3
162,3
161,3
158,3
157,3
156,3
155,3
154,8
154,7
154,6
154,3
153,3
151,3
149,3
148,3
144,4
144,3
142,4
142,3
141,10
141,9
141,8
141,7
141,6
141,5
141,4
141,3
141,2
139,9
139,8
139,7
139,6
139,5
139,4
139,3
139,2
138,6
138,5
138,4
138,3
138,2
135,4
135,3
134,3
132,3
126,4
126,3
124,3
123,3
112,4
112,3
105,7
105,5
105,3
93,5
93,3
91,8
91,6
91,5
91,4
91,3
91,2
90,3
85,3
84,3
74,3
70,3
17,3
16,3
6,3
5,3
2,29
2,28
2,26
2,25
2,23
2,22
2,21
2,18
2,17
2,16
2,14
2,8
2,7
2,5
2,13
2,4
2,3
4,3
1,3
0,485
0,484
0,312
0,243
0,9
0,1
487,0
487,1
487,3
487,4
487,6
488,0
488,2
488,4
488,5
490,0
490,1
490,3
490,5
496,0
496,2
496,3
496,5
496,6
498,1
498,3
499,0
499,2
499,3
502,0
502,2
502,3
502,5
502,6
503,1
503,2
503,4
503,6
503,7
503,9
505,0
505,2
505,4
505,5
505,7
505,8
505,10
506,0
506,2
506,4
508,0
508,2
508,3
512,0
512,2
512,3
512,5
513,0
513,2
513,4
513,5
515,1
515,2
517,0
517,1
517,3
517,5
517,6
517,8
517,9
518,1
518,3
518,4
518,6
518,7
519,0
519,1
519,3
519,5
519,6
520,0
520,1
520,3
520,5
520,6
521,1
521,2
522,0
522,1
522,3
525,0
525,1
525,3
525,5
525,7
526,0
526,1
526,3
526,4
527,0
527,2
527,3
528,1
528,2
528,4
528,5
538,1
538,3
538,4
541,1
541,2
541,4
541,6
541,7
541,9
541,10
542,0
542,1
542,3
542,5
542,6
542,8
543,0
543,2
543,4
543,5
544,1
544,2
544,4
544,5
544,7
544,13
544,14
545,0
545,1
545,3
545,5
545,6
546,0
546,1
546,3
546,4
546,6
546,8
547,0
547,2
547,3
547,5
548,0
548,1
548,3
548,4
548,6
549,0
549,1
549,3
549,4
549,6
549,7
550,0
550,2
550,3
550,5
550,6
550,4
550,1
549,8
549,5
549,2
548,7
548,5
548,2
547,6
547,4
547,1
546,7
546,5
546,2
545,7
545,4
545,2
544,15
544,12
544,6
544,3
544,0
543,3
543,1
542,7
542,4
542,2
541,11
541,8
541,5
541,3
541,0
538,2
538,0
528,3
528,0
527,1
526,5
526,2
525,8
525,6
525,2
522,4
522,2
521,3
521,0
520,4
520,2
519,7
519,4
519,2
518,8
518,5
518,2
518,0
517,7
517,4
517,2
515,3
515,0
513,3
513,1
512,4
512,1
508,4
508,1
506,3
506,1
505,9
505,6
505,3
505,1
503,8
503,5
503,3
503,0
502,4
502,1
499,4
499,1
498,2
498,0
496,4
496,1
490,4
490,2
488,6
488,3
488,1
487,5
487,2
0,520
0,300
0,299
0,298
0,297
0,296
0,295
0,294
0,293
0,292
0,291
0,290
0,289
0,288
0,287
0,286
0,285
0,284
0,283
0,282
0,281
0,280
0,279
0,278
0,277
0,276
0,275
0,274
0,273
0,272
0,271
0,270
0,269
0,268
0,267
0,266
0,265
0,264
0,263
0,262
0,261
0,260
0,259
0,258
0,257
0,256
0,255
0,254
0,253
0,252
0,251
0,250
0,249
0,248
0,247
0,246
0,245
0,244
0,242
0,241
0,240
0,239
0,238
0,237
0,236
0,235
0,234
0,233
0,232
0,231
0,230
0,229
0,228
0,227
0,226
0,225
0,224
0,223
0,222
0,221
0,220
0,219
0,218
0,217
0,216
0,215
0,214
0,213
0,212
0,211
0,210
0,209
0,208
0,207
0,206
0,205
0,204
0,203
0,202
0,201
0,200
0,199
0,198
0,197
0,196
0,195
0,194
0,193
0,192
0,63
0,62
0,61
0,60
0,59
0,58
0,57
0,56
0,55
0,54
0,53
0,52
0,51
0,50
0,49
0,48
0,47
0,46
0,45
0,6
0,0
0,5
0,304
0,303
0,306
0,305
0,302
0,321
0,12
0,543
0,10
0,8
0,533
0,11
0,2
0,4
0,3
0,7
